A = [[0.830000,0.860000,0.770000,0.150000 ];[0.930000,0.350000,0.860000,0.920000 ];[0.490000,0.210000,0.620000,0.270000 ];[0.900000,0.590000,0.630000,0.260000]]

B = [[0.400000,0.260000,0.720000,0.360000 ];[0.110000,0.680000,0.670000,0.290000 ];[0.820000,0.300000,0.620000,0.230000 ];[0.670000,0.350000,0.290000,0.020000]]

A*B